2008165461683
2008165438921
2008165448102
2008165428229
2008165457608
2008165450868
2008165442568
2008166016486
2008165347783
2008165334880
2008165339384
2008165427569
2008165358806
2008165324683
2008165421323
2008165319782
2008165331308
2008165352742
2008165257024
2008165290264
2008165288565
2008165258220
2008165282923
2008165182008
2008165279762
2008165275042
2008165304222
2008165266488
2008165291601
2008165294340
2008165266520
2008165285322
2008165259905
2008165306029
2008165296022
2008165293201
2008165270126
2008151576809
2008151606481
2008151612166
2008151583243
2008151591022
2008151597920
2008151602381
2008151587269
2008151594380
2008160345147
2008160348307
2008160350162
2008159647362
2008160346368
2008160351624
2008159651620
2008143823822
2008143833888
2008143815745
2008155138820
2008159009506
2008159009381
2008159000844
2008159011429
2008159511782
2008159497982
2008159490086
2008159514521
2008159506683
2008159484683
2008160031283
2008159964288
2008160013141
2008159952382
2008159970426
2008159981100
2008159970624
2008159947341
2008159018408
2008159968529
2008159927608
2008159911305
2008159995209
2008159926204
2008159655043
2008158999061
2008158999905
2008159003160
2008159662569
2008158997446
2008159681700
2008159668848
2008159012286
2008158972068
2008159677765
2008158994146
2008159004762
2008159451708
2008159490482
2008159464008
2008159469924
2008159480723
2008159460089
2008159468785
2008159706283
2008159471227
2008159465203
2008159471649
2008159454363
2008159740803
2008159714923
2008159462366
2008159701789
2008159006643
2008159006163
2008159007989
2008159004424
2008158966920
2008158999822
2008159008623
2008159004721
2008158999962
2008159006320
2008159001065
2008159009704
2008159008706
2008159003624
2008159006247
2008158962606
2008159010363
2008159006924
2008158848706
2008158923442
2008158837964
2008158831926
2008158853268
2008158816547
2008158866781
2008158868522
2008158964180
2008158857442
2008158821901
2008158819848
2008158963703
2008158849688
2008158852047
2008158957861
2008158907486
2008158965369
2008158815663
2008158854605
2008158844663
2008158965286
2008158844184
2008158888066
2008158985128
2008158956566
2008158971649
2008158896507
2008158967902
2008158887944
2008158851460
2008158967985
2008158816208
2008158969585
2008158838723
2008158842485
2008158812280
2008158899485
2008158909342
2008158966524
2008158890187
2008158873100
2008158963562
2008158818980
2008158842980
2008158843665
2008141098781
2008141108648
2008141111766
2008141092388
2008141089780
2008141107160
2008141114182
2008141099342
2008141101288
2008158830324
2008158823584
2008158996760
2008158993684
2008159000083
2008158994443
2008158993346
2008158996364
2008158825746
2008158826629
2008158827742
2008158826520
2008158780529
2008158796129
2008158802547
2008158787565
2008158785544
